{
  "labels": [
    [
      "frame0.png",
      [
        0.44283685088157654,
        -0.0992397591471672,
        -0.8910931348800659,
        2.328855871676421,
        -0.13323578238487244,
        -0.9901047945022583,
        0.044053807854652405,
        -0.10525386541709339,
        -0.8866474628448486,
        0.09921683371067047,
        -0.4516771733760834,
        1.3621130469872968,
        0.0,
        0.0,
        0.0,
        1.0,
        4.2647,
        0.0,
        0.5,
        0.0,
        4.2647,
        0.5,
        0.0,
        0.0,
        1.0
      ]
    ],
    [
      "frame0_mirror.png",
      [
        0.44283685088157654,
        0.0992397591471672,
        0.8910931348800659,
        -2.328855871676421,
        0.13323578238487244,
        -0.9901047945022583,
        0.044053807854652405,
        -0.10525386541709339,
        0.8866474628448486,
        0.09921683371067047,
        -0.4516771733760834,
        1.3621130469872968,
        0.0,
        0.0,
        0.0,
        1.0,
        4.2647,
        0.0,
        0.5,
        0.0,
        4.2647,
        0.5,
        0.0,
        0.0,
        1.0
      ]
    ],
    [
      "frame1.png",
      [
        0.4438270032405853,
        -0.10860252380371094,
        -0.8895072340965271,
        2.3256781175872323,
        -0.13351936638355255,
        -0.9895631074905396,
        0.054198045283555984,
        -0.12927189303651068,
        -0.8861095905303955,
        0.09471190720796585,
        -0.4536953866481781,
        1.365470640858552,
        0.0,
        0.0,
        0.0,
        1.0,
        4.2647,
        0.0,
        0.5,
        0.0,
        4.2647,
        0.5,
        0.0,
        0.0,
        1.0
      ]
    ],
    [
      "frame1_mirror.png",
      [
        0.4438270032405853,
        0.10860252380371094,
        0.8895072340965271,
        -2.3256781175872323,
        0.13351936638355255,
        -0.9895631074905396,
        0.054198045283555984,
        -0.12927189303651068,
        0.8861095905303955,
        0.09471190720796585,
        -0.4536953866481781,
        1.365470640858552,
        0.0,
        0.0,
        0.0,
        1.0,
        4.2647,
        0.0,
        0.5,
        0.0,
        4.2647,
        0.5,
        0.0,
        0.0,
        1.0
      ]
    ],
    [
      "frame10.png",
      [
        0.442243754863739,
        -0.1171436533331871,
        -0.889211893081665,
        2.3254182292938297,
        -0.12966132164001465,
        -0.9893691539764404,
        0.06585203856229782,
        -0.16066721964818234,
        -0.8874729871749878,
        0.08617372810840607,
        -0.45273134112358093,
        1.3625770082452118,
        0.0,
        0.0,
        0.0,
        1.0,
        4.2647,
        0.0,
        0.5,
        0.0,
        4.2647,
        0.5,
        0.0,
        0.0,
        1.0
      ]
    ],
    [
      "frame10_mirror.png",
      [
        0.442243754863739,
        0.1171436533331871,
        0.889211893081665,
        -2.3254182292938297,
        0.12966132164001465,
        -0.9893691539764404,
        0.06585203856229782,
        -0.16066721964818234,
        0.8874729871749878,
        0.08617372810840607,
        -0.45273134112358093,
        1.3625770082452118,
        0.0,
        0.0,
        0.0,
        1.0,
        4.2647,
        0.0,
        0.5,
        0.0,
        4.2647,
        0.5,
        0.0,
        0.0,
        1.0
      ]
    ],
    [
      "frame100.png",
      [
        0.5328127145767212,
        -0.078158900141716,
        -0.8426160216331482,
        2.186971532321568,
        -0.1127871721982956,
        -0.9934008717536926,
        0.020826421678066254,
        -0.051376181710679224,
        -0.8386832475662231,
        0.08393970131874084,
        -0.5381119847297668,
        1.5825662718407354,
        0.0,
        0.0,
        0.0,
        1.0,
        4.2647,
        0.0,
        0.5,
        0.0,
        4.2647,
        0.5,
        0.0,
        0.0,
        1.0
      ]
    ],
    [
      "frame100_mirror.png",
      [
        0.5328127145767212,
        0.078158900141716,
        0.8426160216331482,
        -2.186971532321568,
        0.1127871721982956,
        -0.9934008717536926,
        0.020826421678066254,
        -0.051376181710679224,
        0.8386832475662231,
        0.08393970131874084,
        -0.5381119847297668,
        1.5825662718407354,
        0.0,
        0.0,
        0.0,
        1.0,
        4.2647,
        0.0,
        0.5,
        0.0,
        4.2647,
        0.5,
        0.0,
        0.0,
        1.0
      ]
    ],
    [
      "frame101.png",
      [
        0.5421802997589111,
        -0.07641006261110306,
        -0.8367807865142822,
        2.169585384211214,
        -0.10930059105157852,
        -0.9938089847564697,
        0.019929196685552597,
        -0.04979560461539668,
        -0.8331230878829956,
        0.08065542578697205,
        -0.5471752882003784,
        1.6063684690562325,
        0.0,
        0.0,
        0.0,
        1.0,
        4.2647,
        0.0,
        0.5,
        0.0,
        4.2647,
        0.5,
        0.0,
        0.0,
        1.0
      ]
    ],
    [
      "frame101_mirror.png",
      [
        0.5421802997589111,
        0.07641006261110306,
        0.8367807865142822,
        -2.169585384211214,
        0.10930059105157852,
        -0.9938089847564697,
        0.019929196685552597,
        -0.04979560461539668,
        0.8331230878829956,
        0.08065542578697205,
        -0.5471752882003784,
        1.6063684690562325,
        0.0,
        0.0,
        0.0,
        1.0,
        4.2647,
        0.0,
        0.5,
        0.0,
        4.2647,
        0.5,
        0.0,
        0.0,
        1.0
      ]
    ],
    [
      "frame102.png",
      [
        0.5520990490913391,
        -0.0855073407292366,
        -0.8293823599815369,
        2.153246557968332,
        -0.1103312224149704,
        -0.9934722781181335,
        0.028979890048503876,
        -0.07084080056603807,
        -0.8264462947845459,
        0.07550698518753052,
        -0.5579292178153992,
        1.6274246039594868,
        0.0,
        0.0,
        0.0,
        1.0,
        4.2647,
        0.0,
        0.5,
        0.0,
        4.2647,
        0.5,
        0.0,
        0.0,
        1.0
      ]
    ],
    [
      "frame102_mirror.png",
      [
        0.5520990490913391,
        0.0855073407292366,
        0.8293823599815369,
        -2.153246557968332,
        0.1103312224149704,
        -0.9934722781181335,
        0.028979890048503876,
        -0.07084080056603807,
        0.8264462947845459,
        0.07550698518753052,
        -0.5579292178153992,
        1.6274246039594868,
        0.0,
        0.0,
        0.0,
        1.0,
        4.2647,
        0.0,
        0.5,
        0.0,
        4.2647,
        0.5,
        0.0,
        0.0,
        1.0
      ]
    ],
    [
      "frame103.png",
      [
        0.5630117654800415,
        -0.08497721701860428,
        -0.8220685124397278,
        2.129891336532064,
        -0.107833132147789,
        -0.9937496781349182,
        0.028871998190879822,
        -0.0745359817217591,
        -0.8193837404251099,
        0.07239094376564026,
        -0.5686560869216919,
        1.6577114592094826,
        0.0,
        0.0,
        0.0,
        1.0,
        4.2647,
        0.0,
        0.5,
        0.0,
        4.2647,
        0.5,
        0.0,
        0.0,
        1.0
      ]
    ],
    [
      "frame103_mirror.png",
      [
        0.5630117654800415,
        0.08497721701860428,
        0.8220685124397278,
        -2.129891336532064,
        0.107833132147789,
        -0.9937496781349182,
        0.028871998190879822,
        -0.0745359817217591,
        0.8193837404251099,
        0.07239094376564026,
        -0.5686560869216919,
        1.6577114592094826,
        0.0,
        0.0,
        0.0,
        1.0,
        4.2647,
        0.0,
        0.5,
        0.0,
        4.2647,
        0.5,
        0.0,
        0.0,
        1.0
      ]
    ],
    [
      "frame104.png",
      [
        0.574664831161499,
        -0.08630016446113586,
        -0.8138259053230286,
        2.1062759684944665,
        -0.10619308054447174,
        -0.9938804507255554,
        0.030407754704356194,
        -0.07793181433970091,
        -0.8114698529243469,
        0.0689484104514122,
        -0.5803126096725464,
        1.6874620519752204,
        0.0,
        0.0,
        0.0,
        1.0,
        4.2647,
        0.0,
        0.5,
        0.0,
        4.2647,
        0.5,
        0.0,
        0.0,
        1.0
      ]
    ],
    [
      "frame104_mirror.png",
      [
        0.574664831161499,
        0.08630016446113586,
        0.8138259053230286,
        -2.1062759684944665,
        0.10619308054447174,
        -0.9938804507255554,
        0.030407754704356194,
        -0.07793181433970091,
        0.8114698529243469,
        0.0689484104514122,
        -0.5803126096725464,
        1.6874620519752204,
        0.0,
        0.0,
        0.0,
        1.0,
        4.2647,
        0.0,
        0.5,
        0.0,
        4.2647,
        0.5,
        0.0,
        0.0,
        1.0
      ]
    ],
    [
      "frame105.png",
      [
        0.5904470682144165,
        -0.09024222940206528,
        -0.8020153045654297,
        2.0768127725551864,
        -0.10738809406757355,
        -0.9936776757240295,
        0.03274839371442795,
        -0.07728933779849603,
        -0.7998999953269958,
        0.06679069250822067,
        -0.596405029296875,
        1.7236226576644642,
        0.0,
        0.0,
        0.0,
        1.0,
        4.2647,
        0.0,
        0.5,
        0.0,
        4.2647,
        0.5,
        0.0,
        0.0,
        1.0
      ]
    ],
    [
      "frame105_mirror.png",
      [
        0.5904470682144165,
        0.09024222940206528,
        0.8020153045654297,
        -2.0768127725551864,
        0.10738809406757355,
        -0.9936776757240295,
        0.03274839371442795,
        -0.07728933779849603,
        0.7998999953269958,
        0.06679069250822067,
        -0.596405029296875,
        1.7236226576644642,
        0.0,
        0.0,
        0.0,
        1.0,
        4.2647,
        0.0,
        0.5,
        0.0,
        4.2647,
        0.5,
        0.0,
        0.0,
        1.0
      ]
    ],
    [
      "frame106.png",
      [
        0.5959475636482239,
        -0.08357585966587067,
        -0.7986623644828796,
        2.066071581151968,
        -0.10628196597099304,
        -0.9940288066864014,
        0.024714238941669464,
        -0.05668098040550384,
        -0.7959588766098022,
        0.07015502452850342,
        -0.6012716889381409,
        1.737278183831386,
        0.0,
        0.0,
        0.0,
        1.0,
        4.2647,
        0.0,
        0.5,
        0.0,
        4.2647,
        0.5,
        0.0,
        0.0,
        1.0
      ]
    ],
    [
      "frame106_mirror.png",
      [
        0.5959475636482239,
        0.08357585966587067,
        0.7986623644828796,
        -2.066071581151968,
        0.10628196597099304,
        -0.9940288066864014,
        0.024714238941669464,
        -0.05668098040550384,
        0.7959588766098022,
        0.07015502452850342,
        -0.6012716889381409,
        1.737278183831386,
        0.0,
        0.0,
        0.0,
        1.0,
        4.2647,
        0.0,
        0.5,
        0.0,
        4.2647,
        0.5,
        0.0,
        0.0,
        1.0
      ]
    ],
    [
      "frame107.png",
      [
        0.5992729663848877,
        -0.09389641135931015,
        -0.7950191497802734,
        2.056172531983193,
        -0.10410388559103012,
        -0.9938052892684937,
        0.038902342319488525,
        -0.09304850454493722,
        -0.793747067451477,
        0.05945146828889847,
        -0.6053355932235718,
        1.7474256763936418,
        0.0,
        0.0,
        0.0,
        1.0,
        4.2647,
        0.0,
        0.5,
        0.0,
        4.2647,
        0.5,
        0.0,
        0.0,
        1.0
      ]
    ],
    [
      "frame107_mirror.png",
      [
        0.5992729663848877,
        0.09389641135931015,
        0.7950191497802734,
        -2.056172531983193,
        0.10410388559103012,
        -0.9938052892684937,
        0.038902342319488525,
        -0.09304850454493722,
        0.793747067451477,
        0.05945146828889847,
        -0.6053355932235718,
        1.7474256763936418,
        0.0,
        0.0,
        0.0,
        1.0,
        4.2647,
        0.0,
        0.5,
        0.0,
        4.2647,
        0.5,
        0.0,
        0.0,
        1.0
      ]
    ],
    [
      "frame108.png",
      [
        0.6079893708229065,
        -0.10001666098833084,
        -0.7876201868057251,
        2.035680750766606,
        -0.10355685651302338,
        -0.9935486316680908,
        0.04622779041528702,
        -0.11081545795327492,
        -0.7871624827384949,
        0.05345747619867325,
        -0.614424467086792,
        1.7702327008720953,
        0.0,
        0.0,
        0.0,
        1.0,
        4.2647,
        0.0,
        0.5,
        0.0,
        4.2647,
        0.5,
        0.0,
        0.0,
        1.0
      ]
    ],
    [
      "frame108_mirror.png",
      [
        0.6079893708229065,
        0.10001666098833084,
        0.7876201868057251,
        -2.035680750766606,
        0.10355685651302338,
        -0.9935486316680908,
        0.04622779041528702,
        -0.11081545795327492,
        0.7871624827384949,
        0.05345747619867325,
        -0.614424467086792,
        1.7702327008720953,
        0.0,
        0.0,
        0.0,
        1.0,
        4.2647,
        0.0,
        0.5,
        0.0,
        4.2647,
        0.5,
        0.0,
        0.0,
        1.0
      ]
    ],
    [
      "frame109.png",
      [
        0.6263290047645569,
        -0.08495329320430756,
        -0.7749160528182983,
        2.0018654139261542,
        -0.09919200092554092,
        -0.9946494102478027,
        0.0288701094686985,
        -0.07002456030177474,
        -0.7732223868370056,
        0.05878329277038574,
        -0.6314045190811157,
        1.8104229962858986,
        0.0,
        0.0,
        0.0,
        1.0,
        4.2647,
        0.0,
        0.5,
        0.0,
        4.2647,
        0.5,
        0.0,
        0.0,
        1.0
      ]
    ],
    [
      "frame109_mirror.png",
      [
        0.6263290047645569,
        0.08495329320430756,
        0.7749160528182983,
        -2.0018654139261542,
        0.09919200092554092,
        -0.9946494102478027,
        0.0288701094686985,
        -0.07002456030177474,
        0.7732223868370056,
        0.05878329277038574,
        -0.6314045190811157,
        1.8104229962858986,
        0.0,
        0.0,
        0.0,
        1.0,
        4.2647,
        0.0,
        0.5,
        0.0,
        4.2647,
        0.5,
        0.0,
        0.0,
        1.0
      ]
    ],
    [
      "frame11.png",
      [
        0.4447758197784424,
        -0.1106296107172966,
        -0.8887832164764404,
        2.323307942611476,
        -0.129928320646286,
        -0.9898146986961365,
        0.05818498134613037,
        -0.13975066102455783,
        -0.886167585849762,
        0.08959884941577911,
        -0.45461955666542053,
        1.3684699326406955,
        0.0,
        0.0,
        0.0,
        1.0,
        4.2647,
        0.0,
        0.5,
        0.0,
        4.2647,
        0.5,
        0.0,
        0.0,
        1.0
      ]
    ],
    [
      "frame11_mirror.png",
      [
        0.4447758197784424,
        0.1106296107172966,
        0.8887832164764404,
        -2.323307942611476,
        0.129928320646286,
        -0.9898146986961365,
        0.05818498134613037,
        -0.13975066102455783,
        0.886167585849762,
        0.08959884941577911,
        -0.45461955666542053,
        1.3684699326406955,
        0.0,
        0.0,
        0.0,
        1.0,
        4.2647,
        0.0,
        0.5,
        0.0,
        4.2647,
        0.5,
        0.0,
        0.0,
        1.0
      ]
    ],
    [
      "frame110.png",
      [
        0.6187345385551453,
        -0.10932741314172745,
        -0.7779557108879089,
        2.012236664870323,
        -0.09979967772960663,
        -0.9931847453117371,
        0.06019984930753708,
        -0.15244657327923716,
        -0.7792352437973022,
        0.04039199650287628,
        -0.6254285573959351,
        1.7937847270079479,
        0.0,
        0.0,
        0.0,
        1.0,
        4.2647,
        0.0,
        0.5,
        0.0,
        4.2647,
        0.5,
        0.0,
        0.0,
        1.0
      ]
    ],
    [
      "frame110_mirror.png",
      [
        0.6187345385551453,
        0.10932741314172745,
        0.7779557108879089,
        -2.012236664870323,
        0.09979967772960663,
        -0.9931847453117371,
        0.06019984930753708,
        -0.15244657327923716,
        0.7792352437973022,
        0.04039199650287628,
        -0.6254285573959351,
        1.7937847270079479,
        0.0,
        0.0,
        0.0,
        1.0,
        4.2647,
        0.0,
        0.5,
        0.0,
        4.2647,
        0.5,
        0.0,
        0.0,
        1.0
      ]
    ],
    [
      "frame111.png",
      [
        0.638165295124054,
        -0.1060674786567688,
        -0.7625579833984375,
        1.9722399700651931,
        -0.09926361590623856,
        -0.9935331344604492,
        0.05512362718582153,
        -0.13745936868865583,
        -0.7634734511375427,
        0.040516264736652374,
        -0.6445670127868652,
        1.838851386718612,
        0.0,
        0.0,
        0.0,
        1.0,
        4.2647,
        0.0,
        0.5,
        0.0,
        4.2647,
        0.5,
        0.0,
        0.0,
        1.0
      ]
    ],
    [
      "frame111_mirror.png",
      [
        0.638165295124054,
        0.1060674786567688,
        0.7625579833984375,
        -1.9722399700651931,
        0.09926361590623856,
        -0.9935331344604492,
        0.05512362718582153,
        -0.13745936868865583,
        0.7634734511375427,
        0.040516264736652374,
        -0.6445670127868652,
        1.838851386718612,
        0.0,
        0.0,
        0.0,
        1.0,
        4.2647,
        0.0,
        0.5,
        0.0,
        4.2647,
        0.5,
        0.0,
        0.0,
        1.0
      ]
    ],
    [
      "frame112.png",
      [
        0.653589129447937,
        -0.09266559034585953,
        -0.7511553764343262,
        1.935609471796872,
        -0.09726722538471222,
        -0.9945303797721863,
        0.03805597126483917,
        -0.09320188080862395,
        -0.7505733370780945,
        0.048189833760261536,
        -0.659027636051178,
        1.8800875995825221,
        0.0,
        0.0,
        0.0,
        1.0,
        4.2647,
        0.0,
        0.5,
        0.0,
        4.2647,
        0.5,
        0.0,
        0.0,
        1.0
      ]
    ],
    [
      "frame112_mirror.png",
      [
        0.653589129447937,
        0.09266559034585953,
        0.7511553764343262,
        -1.935609471796872,
        0.09726722538471222,
        -0.9945303797721863,
        0.03805597126483917,
        -0.09320188080862395,
        0.7505733370780945,
        0.048189833760261536,
        -0.659027636051178,
        1.8800875995825221,
        0.0,
        0.0,
        0.0,
        1.0,
        4.2647,
        0.0,
        0.5,
        0.0,
        4.2647,
        0.5,
        0.0,
        0.0,
        1.0
      ]
    ],
    [
      "frame113.png",
      [
        0.6604432463645935,
        -0.09750790148973465,
        -0.7445179224014282,
        1.917884039904802,
        -0.09882723540067673,
        -0.9941948652267456,
        0.04254038259387016,
        -0.1064163553471837,
        -0.7443438768386841,
        0.04548314958810806,
        -0.666245698928833,
        1.897471045574361,
        0.0,
        0.0,
        0.0,
        1.0,
        4.2647,
        0.0,
        0.5,
        0.0,
        4.2647,
        0.5,
        0.0,
        0.0,
        1.0
      ]
    ],
    [
      "frame113_mirror.png",
      [
        0.6604432463645935,
        0.09750790148973465,
        0.7445179224014282,
        -1.917884039904802,
        0.09882723540067673,
        -0.9941948652267456,
        0.04254038259387016,
        -0.1064163553471837,
        0.7443438768386841,
        0.04548314958810806,
        -0.666245698928833,
        1.897471045574361,
        0.0,
        0.0,
        0.0,
        1.0,
        4.2647,
        0.0,
        0.5,
        0.0,
        4.2647,
        0.5,
        0.0,
        0.0,
        1.0
      ]
    ],
    [
      "frame114.png",
      [
        0.6686486005783081,
        -0.10598596930503845,
        -0.7359864115715027,
        1.8962853114917486,
        -0.09544879198074341,
        -0.9938352108001709,
        0.056401707231998444,
        -0.14295985548042578,
        -0.7374269962310791,
        0.032536089420318604,
        -0.6746427416801453,
        1.9166805934066478,
        0.0,
        0.0,
        0.0,
        1.0,
        4.2647,
        0.0,
        0.5,
        0.0,
        4.2647,
        0.5,
        0.0,
        0.0,
        1.0
      ]
    ],
    [
      "frame114_mirror.png",
      [
        0.6686486005783081,
        0.10598596930503845,
        0.7359864115715027,
        -1.8962853114917486,
        0.09544879198074341,
        -0.9938352108001709,
        0.056401707231998444,
        -0.14295985548042578,
        0.7374269962310791,
        0.032536089420318604,
        -0.6746427416801453,
        1.9166805934066478,
        0.0,
        0.0,
        0.0,
        1.0,
        4.2647,
        0.0,
        0.5,
        0.0,
        4.2647,
        0.5,
        0.0,
        0.0,
        1.0
      ]
    ],
    [
      "frame115.png",
      [
        0.6844001412391663,
        -0.10322622954845428,
        -0.7217622399330139,
        1.8602932687134506,
        -0.09044431149959564,
        -0.9943007826805115,
        0.05644216015934944,
        -0.14405119861792923,
        -0.7234750390052795,
        0.026650264859199524,
        -0.6898358464241028,
        1.9515527680685874,
        0.0,
        0.0,
        0.0,
        1.0,
        4.2647,
        0.0,
        0.5,
        0.0,
        4.2647,
        0.5,
        0.0,
        0.0,
        1.0
      ]
    ],
    [
      "frame115_mirror.png",
      [
        0.6844001412391663,
        0.10322622954845428,
        0.7217622399330139,
        -1.8602932687134506,
        0.09044431149959564,
        -0.9943007826805115,
        0.05644216015934944,
        -0.14405119861792923,
        0.7234750390052795,
        0.026650264859199524,
        -0.6898358464241028,
        1.9515527680685874,
        0.0,
        0.0,
        0.0,
        1.0,
        4.2647,
        0.0,
        0.5,
        0.0,
        4.2647,
        0.5,
        0.0,
        0.0,
        1.0
      ]
    ],
    [
      "frame116.png",
      [
        0.7020857334136963,
        -0.10650274902582169,
        -0.7040829658508301,
        1.8123813826521311,
        -0.08535171300172806,
        -0.9942101240158081,
        0.06527908891439438,
        -0.1675405991854045,
        -0.7069587707519531,
        0.014263167977333069,
        -0.7071109414100647,
        1.9942928248982261,
        0.0,
        0.0,
        0.0,
        1.0,
        4.2647,
        0.0,
        0.5,
        0.0,
        4.2647,
        0.5,
        0.0,
        0.0,
        1.0
      ]
    ],
    [
      "frame116_mirror.png",
      [
        0.7020857334136963,
        0.10650274902582169,
        0.7040829658508301,
        -1.8123813826521311,
        0.08535171300172806,
        -0.9942101240158081,
        0.06527908891439438,
        -0.1675405991854045,
        0.7069587707519531,
        0.014263167977333069,
        -0.7071109414100647,
        1.9942928248982261,
        0.0,
        0.0,
        0.0,
        1.0,
        4.2647,
        0.0,
        0.5,
        0.0,
        4.2647,
        0.5,
        0.0,
        0.0,
        1.0
      ]
    ],
    [
      "frame117.png",
      [
        0.7206670641899109,
        -0.10635115206241608,
        -0.6850754618644714,
        1.7615493008582805,
        -0.08778460323810577,
        -0.9942084550857544,
        0.06199570745229721,
        -0.15871425158400543,
        -0.6877011060714722,
        0.015460819005966187,
        -0.7258293032646179,
        2.040037707247058,
        0.0,
        0.0,
        0.0,
        1.0,
        4.2647,
        0.0,
        0.5,
        0.0,
        4.2647,
        0.5,
        0.0,
        0.0,
        1.0
      ]
    ],
    [
      "frame117_mirror.png",
      [
        0.7206670641899109,
        0.10635115206241608,
        0.6850754618644714,
        -1.7615493008582805,
        0.08778460323810577,
        -0.9942084550857544,
        0.06199570745229721,
        -0.15871425158400543,
        0.6877011060714722,
        0.015460819005966187,
        -0.7258293032646179,
        2.040037707247058,
        0.0,
        0.0,
        0.0,
        1.0,
        4.2647,
        0.0,
        0.5,
        0.0,
        4.2647,
        0.5,
        0.0,
        0.0,
        1.0
      ]
    ],
    [
      "frame118.png",
      [
        0.734764814376831,
        -0.10905587673187256,
        -0.6694979667663574,
        1.7205007225626154,
        -0.08690638095140457,
        -0.9939921498298645,
        0.06653482466936111,
        -0.17001492509763025,
        -0.6727317571640015,
        0.009296201169490814,
        -0.7398280501365662,
        2.0738785376452418,
        0.0,
        0.0,
        0.0,
        1.0,
        4.2647,
        0.0,
        0.5,
        0.0,
        4.2647,
        0.5,
        0.0,
        0.0,
        1.0
      ]
    ],
    [
      "frame118_mirror.png",
      [
        0.734764814376831,
        0.10905587673187256,
        0.6694979667663574,
        -1.7205007225626154,
        0.08690638095140457,
        -0.9939921498298645,
        0.06653482466936111,
        -0.17001492509763025,
        0.6727317571640015,
        0.009296201169490814,
        -0.7398280501365662,
        2.0738785376452418,
        0.0,
        0.0,
        0.0,
        1.0,
        4.2647,
        0.0,
        0.5,
        0.0,
        4.2647,
        0.5,
        0.0,
        0.0,
        1.0
      ]
    ],
    [
      "frame119.png",
      [
        0.7473160028457642,
        -0.11310779303312302,
        -0.6547713279724121,
        1.6811850506775217,
        -0.09627527743577957,
        -0.9934387803077698,
        0.06172784045338631,
        -0.1570828216122395,
        -0.657457172870636,
        0.016908086836338043,
        -0.7533022165298462,
        2.106879638833875,
        0.0,
        0.0,
        0.0,
        1.0,
        4.2647,
        0.0,
        0.5,
        0.0,
        4.2647,
        0.5,
        0.0,
        0.0,
        1.0
      ]
    ],
    [
      "frame119_mirror.png",
      [
        0.7473160028457642,
        0.11310779303312302,
        0.6547713279724121,
        -1.6811850506775217,
        0.09627527743577957,
        -0.9934387803077698,
        0.06172784045338631,
        -0.1570828216122395,
        0.657457172870636,
        0.016908086836338043,
        -0.7533022165298462,
        2.106879638833875,
        0.0,
        0.0,
        0.0,
        1.0,
        4.2647,
        0.0,
        0.5,
        0.0,
        4.2647,
        0.5,
        0.0,
        0.0,
        1.0
      ]
    ],
    [
      "frame12.png",
      [
        0.4446033537387848,
        -0.1114601120352745,
        -0.8887656927108765,
        2.324570815556465,
        -0.13038630783557892,
        -0.9897124767303467,
        0.05889434367418289,
        -0.1428516627112505,
        -0.8861868977546692,
        0.08969824016094208,
        -0.45456239581108093,
        1.366002901140324,
        0.0,
        0.0,
        0.0,
        1.0,
        4.2647,
        0.0,
        0.5,
        0.0,
        4.2647,
        0.5,
        0.0,
        0.0,
        1.0
      ]
    ],
    [
      "frame12_mirror.png",
      [
        0.4446033537387848,
        0.1114601120352745,
        0.8887656927108765,
        -2.324570815556465,
        0.13038630783557892,
        -0.9897124767303467,
        0.05889434367418289,
        -0.1428516627112505,
        0.8861868977546692,
        0.08969824016094208,
        -0.45456239581108093,
        1.366002901140324,
        0.0,
        0.0,
        0.0,
        1.0,
        4.2647,
        0.0,
        0.5,
        0.0,
        4.2647,
        0.5,
        0.0,
        0.0,
        1.0
      ]
    ],
    [
      "frame120.png",
      [
        0.7558081746101379,
        -0.11163695156574249,
        -0.6452062726020813,
        1.6589366143360098,
        -0.09376519173383713,
        -0.9936563968658447,
        0.062089093029499054,
        -0.15754705120275722,
        -0.6480447053909302,
        0.013570435345172882,
        -0.7614812850952148,
        2.124407737764268,
        0.0,
        0.0,
        0.0,
        1.0,
        4.2647,
        0.0,
        0.5,
        0.0,
        4.2647,
        0.5,
        0.0,
        0.0,
        1.0
      ]
    ],
    [
      "frame120_mirror.png",
      [
        0.7558081746101379,
        0.11163695156574249,
        0.6452062726020813,
        -1.6589366143360098,
        0.09376519173383713,
        -0.9936563968658447,
        0.062089093029499054,
        -0.15754705120275722,
        0.6480447053909302,
        0.013570435345172882,
        -0.7614812850952148,
        2.124407737764268,
        0.0,
        0.0,
        0.0,
        1.0,
        4.2647,
        0.0,
        0.5,
        0.0,
        4.2647,
        0.5,
        0.0,
        0.0,
        1.0
      ]
    ],
    [
      "frame121.png",
      [
        0.7681072354316711,
        -0.11127856373786926,
        -0.6305777430534363,
        1.6189811396493794,
        -0.09305912256240845,
        -0.9937277436256409,
        0.0620085634291172,
        -0.15393224988206103,
        -0.6335228681564331,
        0.011051781475543976,
        -0.7736450433731079,
        2.155273748716354,
        0.0,
        0.0,
        0.0,
        1.0,
        4.2647,
        0.0,
        0.5,
        0.0,
        4.2647,
        0.5,
        0.0,
        0.0,
        1.0
      ]
    ],
    [
      "frame121_mirror.png",
      [
        0.7681072354316711,
        0.11127856373786926,
        0.6305777430534363,
        -1.6189811396493794,
        0.09305912256240845,
        -0.9937277436256409,
        0.0620085634291172,
        -0.15393224988206103,
        0.6335228681564331,
        0.011051781475543976,
        -0.7736450433731079,
        2.155273748716354,
        0.0,
        0.0,
        0.0,
        1.0,
        4.2647,
        0.0,
        0.5,
        0.0,
        4.2647,
        0.5,
        0.0,
        0.0,
        1.0
      ]
    ],
    [
      "frame122.png",
      [
        0.7765405178070068,
        -0.10989733040332794,
        -0.6204090118408203,
        1.5910984195995277,
        -0.09246502816677094,
        -0.993887186050415,
        0.060319408774375916,
        -0.1519205966183319,
        -0.6232455372810364,
        0.010525673627853394,
        -0.781955361366272,
        2.1760804101574505,
        0.0,
        0.0,
        0.0,
        1.0,
        4.2647,
        0.0,
        0.5,
        0.0,
        4.2647,
        0.5,
        0.0,
        0.0,
        1.0
      ]
    ],
    [
      "frame122_mirror.png",
      [
        0.7765405178070068,
        0.10989733040332794,
        0.6204090118408203,
        -1.5910984195995277,
        0.09246502816677094,
        -0.993887186050415,
        0.060319408774375916,
        -0.1519205966183319,
        0.6232455372810364,
        0.010525673627853394,
        -0.781955361366272,
        2.1760804101574505,
        0.0,
        0.0,
        0.0,
        1.0,
        4.2647,
        0.0,
        0.5,
        0.0,
        4.2647,
        0.5,
        0.0,
        0.0,
        1.0
      ]
    ],
    [
      "frame123.png",
      [
        0.7797820568084717,
        -0.11158780008554459,
        -0.616025984287262,
        1.5803185214739028,
        -0.09156686812639236,
        -0.9937337636947632,
        0.0640985444188118,
        -0.16221712840328015,
        -0.619318425655365,
        0.006424665451049805,
        -0.7851135730743408,
        2.1831809301885934,
        0.0,
        0.0,
        0.0,
        1.0,
        4.2647,
        0.0,
        0.5,
        0.0,
        4.2647,
        0.5,
        0.0,
        0.0,
        1.0
      ]
    ],
    [
      "frame123_mirror.png",
      [
        0.7797820568084717,
        0.11158780008554459,
        0.616025984287262,
        -1.5803185214739028,
        0.09156686812639236,
        -0.9937337636947632,
        0.0640985444188118,
        -0.16221712840328015,
        0.619318425655365,
        0.006424665451049805,
        -0.7851135730743408,
        2.1831809301885934,
        0.0,
        0.0,
        0.0,
        1.0,
        4.2647,
        0.0,
        0.5,
        0.0,
        4.2647,
        0.5,
        0.0,
        0.0,
        1.0
      ]
    ],
    [
      "frame124.png",
      [
        0.7880779504776001,
        -0.10973870754241943,
        -0.6057149171829224,
        1.5515861923588776,
        -0.0899079293012619,
        -0.9939491748809814,
        0.06309939920902252,
        -0.15902041193325622,
        -0.608974277973175,
        0.004731334745883942,
        -0.7931758761405945,
        2.2039266766999894,
        0.0,
        0.0,
        0.0,
        1.0,
        4.2647,
        0.0,
        0.5,
        0.0,
        4.2647,
        0.5,
        0.0,
        0.0,
        1.0
      ]
    ],
    [
      "frame124_mirror.png",
      [
        0.7880779504776001,
        0.10973870754241943,
        0.6057149171829224,
        -1.5515861923588776,
        0.0899079293012619,
        -0.9939491748809814,
        0.06309939920902252,
        -0.15902041193325622,
        0.608974277973175,
        0.004731334745883942,
        -0.7931758761405945,
        2.2039266766999894,
        0.0,
        0.0,
        0.0,
        1.0,
        4.2647,
        0.0,
        0.5,
        0.0,
        4.2647,
        0.5,
        0.0,
        0.0,
        1.0
      ]
    ],
    [
      "frame125.png",
      [
        0.7936386466026306,
        -0.10881590843200684,
        -0.5985790491104126,
        1.5339475659618313,
        -0.09022247791290283,
        -0.9940465688705444,
        0.061084724962711334,
        -0.15372403011427602,
        -0.6016623973846436,
        0.005526088178157806,
        -0.7987313866615295,
        2.216613134366302,
        0.0,
        0.0,
        0.0,
        1.0,
        4.2647,
        0.0,
        0.5,
        0.0,
        4.2647,
        0.5,
        0.0,
        0.0,
        1.0
      ]
    ],
    [
      "frame125_mirror.png",
      [
        0.7936386466026306,
        0.10881590843200684,
        0.5985790491104126,
        -1.5339475659618313,
        0.09022247791290283,
        -0.9940465688705444,
        0.061084724962711334,
        -0.15372403011427602,
        0.6016623973846436,
        0.005526088178157806,
        -0.7987313866615295,
        2.216613134366302,
        0.0,
        0.0,
        0.0,
        1.0,
        4.2647,
        0.0,
        0.5,
        0.0,
        4.2647,
        0.5,
        0.0,
        0.0,
        1.0
      ]
    ],
    [
      "frame126.png",
      [
        0.8030121922492981,
        -0.10950752347707748,
        -0.5858151912689209,
        1.4992733337682962,
        -0.09141471982002258,
        -0.9939734935760498,
        0.06049766764044762,
        -0.15180763369159161,
        -0.5889097452163696,
        0.004971757531166077,
        -0.808183491230011,
        2.240342365131781,
        0.0,
        0.0,
        0.0,
        1.0,
        4.2647,
        0.0,
        0.5,
        0.0,
        4.2647,
        0.5,
        0.0,
        0.0,
        1.0
      ]
    ],
    [
      "frame126_mirror.png",
      [
        0.8030121922492981,
        0.10950752347707748,
        0.5858151912689209,
        -1.4992733337682962,
        0.09141471982002258,
        -0.9939734935760498,
        0.06049766764044762,
        -0.15180763369159161,
        0.5889097452163696,
        0.004971757531166077,
        -0.808183491230011,
        2.240342365131781,
        0.0,
        0.0,
        0.0,
        1.0,
        4.2647,
        0.0,
        0.5,
        0.0,
        4.2647,
        0.5,
        0.0,
        0.0,
        1.0
      ]
    ],
    [
      "frame127.png",
      [
        0.8071383833885193,
        -0.11114319413900375,
        -0.579805850982666,
        1.486267435741606,
        -0.09114217758178711,
        -0.9938032627105713,
        0.06362495571374893,
        -0.15973949232031798,
        -0.5832843780517578,
        0.0014906302094459534,
        -0.8122665882110596,
        2.24844221719112,
        0.0,
        0.0,
        0.0,
        1.0,
        4.2647,
        0.0,
        0.5,
        0.0,
        4.2647,
        0.5,
        0.0,
        0.0,
        1.0
      ]
    ],
    [
      "frame127_mirror.png",
      [
        0.8071383833885193,
        0.11114319413900375,
        0.579805850982666,
        -1.486267435741606,
        0.09114217758178711,
        -0.9938032627105713,
        0.06362495571374893,
        -0.15973949232031798,
        0.5832843780517578,
        0.0014906302094459534,
        -0.8122665882110596,
        2.24844221719112,
        0.0,
        0.0,
        0.0,
        1.0,
        4.2647,
        0.0,
        0.5,
        0.0,
        4.2647,
        0.5,
        0.0,
        0.0,
        1.0
      ]
    ],
    [
      "frame128.png",
      [
        0.8185063004493713,
        -0.10934136062860489,
        -0.563996434211731,
        1.445140326615609,
        -0.09285352379083633,
        -0.9939919710159302,
        0.057949382811784744,
        -0.14499694910888067,
        -0.5669441819190979,
        0.004937119781970978,
        -0.8237413763999939,
        2.276081132371702,
        0.0,
        0.0,
        0.0,
        1.0,
        4.2647,
        0.0,
        0.5,
        0.0,
        4.2647,
        0.5,
        0.0,
        0.0,
        1.0
      ]
    ],
    [
      "frame128_mirror.png",
      [
        0.8185063004493713,
        0.10934136062860489,
        0.563996434211731,
        -1.445140326615609,
        0.09285352379083633,
        -0.9939919710159302,
        0.057949382811784744,
        -0.14499694910888067,
        0.5669441819190979,
        0.004937119781970978,
        -0.8237413763999939,
        2.276081132371702,
        0.0,
        0.0,
        0.0,
        1.0,
        4.2647,
        0.0,
        0.5,
        0.0,
        4.2647,
        0.5,
        0.0,
        0.0,
        1.0
      ]
    ],
    [
      "frame129.png",
      [
        0.8179916143417358,
        -0.11232515424489975,
        -0.5641566514968872,
        1.4464815007738911,
        -0.09455157816410065,
        -0.9936648011207581,
        0.06074760481715202,
        -0.14942947009921553,
        -0.5674060583114624,
        0.003650866448879242,
        -0.8234300017356873,
        2.274942219350808,
        0.0,
        0.0,
        0.0,
        1.0,
        4.2647,
        0.0,
        0.5,
        0.0,
        4.2647,
        0.5,
        0.0,
        0.0,
        1.0
      ]
    ],
    [
      "frame129_mirror.png",
      [
        0.8179916143417358,
        0.11232515424489975,
        0.5641566514968872,
        -1.4464815007738911,
        0.09455157816410065,
        -0.9936648011207581,
        0.06074760481715202,
        -0.14942947009921553,
        0.5674060583114624,
        0.003650866448879242,
        -0.8234300017356873,
        2.274942219350808,
        0.0,
