{"frame0.png": {"intrinsics": [[2985.29, 0.0, 512.0], [0.0, 2985.29, 512.0], [0.0, 0.0, 1.0]], "pose": [[0.44283685088157654, -0.0992397591471672, -0.8910931348800659, 2.3871524333953857], [-0.13323578238487244, -0.9901047945022583, 0.044053807854652405, -0.1078886091709137], [-0.8866474628448486, 0.09921683371067047, -0.4516771733760834, 1.3962098360061646], [0.0, 0.0, 0.0, 1.0]]}, "frame1.png": {"intrinsics": [[2985.29, 0.0, 512.0], [0.0, 2985.29, 512.0], [0.0, 0.0, 1.0]], "pose": [[0.4438270032405853, -0.10860252380371094, -0.8895072340965271, 2.379045248031616], [-0.13351936638355255, -0.9895631074905396, 0.054198045283555984, -0.13223828375339508], [-0.8861095905303955, 0.09471190720796585, -0.4536953866481781, 1.3968039751052856], [0.0, 0.0, 0.0, 1.0]]}, "frame10.png": {"intrinsics": [[2985.29, 0.0, 512.0], [0.0, 2985.29, 512.0], [0.0, 0.0, 1.0]], "pose": [[0.442243754863739, -0.1171436533331871, -0.889211893081665, 2.3891990184783936], [-0.12966132164001465, -0.9893691539764404, 0.06585203856229782, -0.1650739461183548], [-0.8874729871749878, 0.08617372810840607, -0.45273134112358093, 1.399949312210083], [0.0, 0.0, 0.0, 1.0]]}, "frame100.png": {"intrinsics": [[2985.29, 0.0, 512.0], [0.0, 2985.29, 512.0], [0.0, 0.0, 1.0]], "pose": [[0.5328127145767212, -0.078158900141716, -0.8426160216331482, 2.2330949306488037], [-0.1127871721982956, -0.9934008717536926, 0.020826421678066254, -0.0524597093462944], [-0.8386832475662231, 0.08393970131874084, -0.5381119847297668, 1.6159427165985107], [0.0, 0.0, 0.0, 1.0]]}, "frame101.png": {"intrinsics": [[2985.29, 0.0, 512.0], [0.0, 2985.29, 512.0], [0.0, 0.0, 1.0]], "pose": [[0.5421802997589111, -0.07641006261110306, -0.8367807865142822, 2.203713893890381], [-0.10930059105157852, -0.9938089847564697, 0.019929196685552597, -0.05057891085743904], [-0.8331230878829956, 0.08065542578697205, -0.5471752882003784, 1.6316373348236084], [0.0, 0.0, 0.0, 1.0]]}, "frame102.png": {"intrinsics": [[2985.29, 0.0, 512.0], [0.0, 2985.29, 512.0], [0.0, 0.0, 1.0]], "pose": [[0.5520990490913391, -0.0855073407292366, -0.8293823599815369, 2.195972442626953], [-0.1103312224149704, -0.9934722781181335, 0.028979890048503876, -0.07224646210670471], [-0.8264462947845459, 0.07550698518753052, -0.5579292178153992, 1.6597168445587158], [0.0, 0.0, 0.0, 1.0]]}, "frame103.png": {"intrinsics": [[2985.29, 0.0, 512.0], [0.0, 2985.29, 512.0], [0.0, 0.0, 1.0]], "pose": [[0.5630117654800415, -0.08497721701860428, -0.8220685124397278, 2.1736347675323486], [-0.107833132147789, -0.9937496781349182, 0.028871998190879822, -0.07606679201126099], [-0.8193837404251099, 0.07239094376564026, -0.5686560869216919, 1.691757321357727], [0.0, 0.0, 0.0, 1.0]]}, "frame104.png": {"intrinsics": [[2985.29, 0.0, 512.0], [0.0, 2985.29, 512.0], [0.0, 0.0, 1.0]], "pose": [[0.574664831161499, -0.08630016446113586, -0.8138259053230286, 2.1607131958007812], [-0.10619308054447174, -0.9938804507255554, 0.030407754704356194, -0.07994598150253296], [-0.8114698529243469, 0.0689484104514122, -0.5803126096725464, 1.7310749292373657], [0.0, 0.0, 0.0, 1.0]]}, "frame105.png": {"intrinsics": [[2985.29, 0.0, 512.0], [0.0, 2985.29, 512.0], [0.0, 0.0, 1.0]], "pose": [[0.5904470682144165, -0.09024222940206528, -0.8020153045654297, 2.149198055267334], [-0.10738809406757355, -0.9936776757240295, 0.03274839371442795, -0.0799831822514534], [-0.7998999953269958, 0.06679069250822067, -0.596405029296875, 1.7836978435516357], [0.0, 0.0, 0.0, 1.0]]}, "frame106.png": {"intrinsics": [[2985.29, 0.0, 512.0], [0.0, 2985.29, 512.0], [0.0, 0.0, 1.0]], "pose": [[0.5959475636482239, -0.08357585966587067, -0.7986623644828796, 2.1111884117126465], [-0.10628196597099304, -0.9940288066864014, 0.024714238941669464, -0.0579187236726284], [-0.7959588766098022, 0.07015502452850342, -0.6012716889381409, 1.7752151489257812], [0.0, 0.0, 0.0, 1.0]]}, "frame107.png": {"intrinsics": [[2985.29, 0.0, 512.0], [0.0, 2985.29, 512.0], [0.0, 0.0, 1.0]], "pose": [[0.5992729663848877, -0.09389641135931015, -0.7950191497802734, 2.1036412715911865], [-0.10410388559103012, -0.9938052892684937, 0.038902342319488525, -0.09519661962985992], [-0.793747067451477, 0.05945146828889847, -0.6053355932235718, 1.787766695022583], [0.0, 0.0, 0.0, 1.0]]}, "frame108.png": {"intrinsics": [[2985.29, 0.0, 512.0], [0.0, 2985.29, 512.0], [0.0, 0.0, 1.0]], "pose": [[0.6079893708229065, -0.10001666098833084, -0.7876201868057251, 2.0757896900177], [-0.10355685651302338, -0.9935486316680908, 0.04622779041528702, -0.1129988506436348], [-0.7871624827384949, 0.05345747619867325, -0.614424467086792, 1.8051115274429321], [0.0, 0.0, 0.0, 1.0]]}, "frame109.png": {"intrinsics": [[2985.29, 0.0, 512.0], [0.0, 2985.29, 512.0], [0.0, 0.0, 1.0]], "pose": [[0.6263290047645569, -0.08495329320430756, -0.7749160528182983, 2.0780136585235596], [-0.09919200092554092, -0.9946494102478027, 0.0288701094686985, -0.07268819957971573], [-0.7732223868370056, 0.05878329277038574, -0.6314045190811157, 1.8792890310287476], [0.0, 0.0, 0.0, 1.0]]}, "frame11.png": {"intrinsics": [[2985.29, 0.0, 512.0], [0.0, 2985.29, 512.0], [0.0, 0.0, 1.0]], "pose": [[0.4447758197784424, -0.1106296107172966, -0.8887832164764404, 2.3758418560028076], [-0.129928320646286, -0.9898146986961365, 0.05818498134613037, -0.1429106593132019], [-0.886167585849762, 0.08959884941577911, -0.45461955666542053, 1.3994133472442627], [0.0, 0.0, 0.0, 1.0]]}, "frame110.png": {"intrinsics": [[2985.29, 0.0, 512.0], [0.0, 2985.29, 512.0], [0.0, 0.0, 1.0]], "pose": [[0.6187345385551453, -0.10932741314172745, -0.7779557108879089, 2.0803639888763428], [-0.09979967772960663, -0.9931847453117371, 0.06019984930753708, -0.15760788321495056], [-0.7792352437973022, 0.04039199650287628, -0.6254285573959351, 1.8545160293579102], [0.0, 0.0, 0.0, 1.0]]}, "frame111.png": {"intrinsics": [[2985.29, 0.0, 512.0], [0.0, 2985.29, 512.0], [0.0, 0.0, 1.0]], "pose": [[0.638165295124054, -0.1060674786567688, -0.7625579833984375, 2.0503411293029785], [-0.09926361590623856, -0.9935331344604492, 0.05512362718582153, -0.14290279150009155], [-0.7634734511375427, 0.040516264736652374, -0.6445670127868652, 1.9116703271865845], [0.0, 0.0, 0.0, 1.0]]}, "frame112.png": {"intrinsics": [[2985.29, 0.0, 512.0], [0.0, 2985.29, 512.0], [0.0, 0.0, 1.0]], "pose": [[0.653589129447937, -0.09266559034585953, -0.7511553764343262, 2.0026180744171143], [-0.09726722538471222, -0.9945303797721863, 0.03805597126483917, -0.09642842411994934], [-0.7505733370780945, 0.048189833760261536, -0.659027636051178, 1.9451740980148315], [0.0, 0.0, 0.0, 1.0]]}, "frame113.png": {"intrinsics": [[2985.29, 0.0, 512.0], [0.0, 2985.29, 512.0], [0.0, 0.0, 1.0]], "pose": [[0.6604432463645935, -0.09750790148973465, -0.7445179224014282, 1.997219443321228], [-0.09882723540067673, -0.9941948652267456, 0.04254038259387016, -0.11081838607788086], [-0.7443438768386841, 0.04548314958810806, -0.666245698928833, 1.9759620428085327], [0.0, 0.0, 0.0, 1.0]]}, "frame114.png": {"intrinsics": [[2985.29, 0.0, 512.0], [0.0, 2985.29, 512.0], [0.0, 0.0, 1.0]], "pose": [[0.6686486005783081, -0.10598596930503845, -0.7359864115715027, 1.9873929023742676], [-0.09544879198074341, -0.9938352108001709, 0.056401707231998444, -0.14982840418815613], [-0.7374269962310791, 0.032536089420318604, -0.6746427416801453, 2.008768081665039], [0.0, 0.0, 0.0, 1.0]]}, "frame115.png": {"intrinsics": [[2985.29, 0.0, 512.0], [0.0, 2985.29, 512.0], [0.0, 0.0, 1.0]], "pose": [[0.6844001412391663, -0.10322622954845428, -0.7217622399330139, 1.964072585105896], [-0.09044431149959564, -0.9943007826805115, 0.05644216015934944, -0.15208731591701508], [-0.7234750390052795, 0.026650264859199524, -0.6898358464241028, 2.0604231357574463], [0.0, 0.0, 0.0, 1.0]]}, "frame116.png": {"intrinsics": [[2985.29, 0.0, 512.0], [0.0, 2985.29, 512.0], [0.0, 0.0, 1.0]], "pose": [[0.7020857334136963, -0.10650274902582169, -0.7040829658508301, 1.9258193969726562], [-0.08535171300172806, -0.9942101240158081, 0.06527908891439438, -0.17802706360816956], [-0.7069587707519531, 0.014263167977333069, -0.7071109414100647, 2.11911678314209], [0.0, 0.0, 0.0, 1.0]]}, "frame117.png": {"intrinsics": [[2985.29, 0.0, 512.0], [0.0, 2985.29, 512.0], [0.0, 0.0, 1.0]], "pose": [[0.7206670641899109, -0.10635115206241608, -0.6850754618644714, 1.877449870109558], [-0.08778460323810577, -0.9942084550857544, 0.06199570745229721, -0.16915680468082428], [-0.6877011060714722, 0.015460819005966187, -0.7258293032646179, 2.1742613315582275], [0.0, 0.0, 0.0, 1.0]]}, "frame118.png": {"intrinsics": [[2985.29, 0.0, 512.0], [0.0, 2985.29, 512.0], [0.0, 0.0, 1.0]], "pose": [[0.734764814376831, -0.10905587673187256, -0.6694979667663574, 1.8373585939407349], [-0.08690638095140457, -0.9939921498298645, 0.06653482466936111, -0.18156248331069946], [-0.6727317571640015, 0.009296201169490814, -0.7398280501365662, 2.214738130569458], [0.0, 0.0, 0.0, 1.0]]}, "frame119.png": {"intrinsics": [[2985.29, 0.0, 512.0], [0.0, 2985.29, 512.0], [0.0, 0.0, 1.0]], "pose": [[0.7473160028457642, -0.11310779303312302, -0.6547713279724121, 1.7746496200561523], [-0.09627527743577957, -0.9934387803077698, 0.06172784045338631, -0.16581575572490692], [-0.657457172870636, 0.016908086836338043, -0.7533022165298462, 2.224010467529297], [0.0, 0.0, 0.0, 1.0]]}, "frame12.png": {"intrinsics": [[2985.29, 0.0, 512.0], [0.0, 2985.29, 512.0], [0.0, 0.0, 1.0]], "pose": [[0.4446033537387848, -0.1114601120352745, -0.8887656927108765, 2.3957996368408203], [-0.13038630783557892, -0.9897124767303467, 0.05889434367418289, -0.1472288817167282], [-0.8861868977546692, 0.08969824016094208, -0.45456239581108093, 1.4078595638275146], [0.0, 0.0, 0.0, 1.0]]}, "frame120.png": {"intrinsics": [[2985.29, 0.0, 512.0], [0.0, 2985.29, 512.0], [0.0, 0.0, 1.0]], "pose": [[0.7558081746101379, -0.11163695156574249, -0.6452062726020813, 1.7495710849761963], [-0.09376519173383713, -0.9936563968658447, 0.062089093029499054, -0.16615448892116547], [-0.6480447053909302, 0.013570435345172882, -0.7614812850952148, 2.2404727935791016], [0.0, 0.0, 0.0, 1.0]]}, "frame121.png": {"intrinsics": [[2985.29, 0.0, 512.0], [0.0, 2985.29, 512.0], [0.0, 0.0, 1.0]], "pose": [[0.7681072354316711, -0.11127856373786926, -0.6305777430534363, 1.6978983879089355], [-0.09305912256240845, -0.9937277436256409, 0.0620085634291172, -0.16143567860126495], [-0.6335228681564331, 0.011051781475543976, -0.7736450433731079, 2.2603325843811035], [0.0, 0.0, 0.0, 1.0]]}, "frame122.png": {"intrinsics": [[2985.29, 0.0, 512.0], [0.0, 2985.29, 512.0], [0.0, 0.0, 1.0]], "pose": [[0.7765405178070068, -0.10989733040332794, -0.6204090118408203, 1.7039170265197754], [-0.09246502816677094, -0.993887186050415, 0.060319408774375916, -0.16269269585609436], [-0.6232455372810364, 0.010525673627853394, -0.781955361366272, 2.3303778171539307], [0.0, 0.0, 0.0, 1.0]]}, "frame123.png": {"intrinsics": [[2985.29, 0.0, 512.0], [0.0, 2985.29, 512.0], [0.0, 0.0, 1.0]], "pose": [[0.7797820568084717, -0.11158780008554459, -0.616025984287262, 1.705348253250122], [-0.09156686812639236, -0.9937337636947632, 0.0640985444188118, -0.1750512272119522], [-0.619318425655365, 0.006424665451049805, -0.7851135730743408, 2.3559072017669678], [0.0, 0.0, 0.0, 1.0]]}, "frame124.png": {"intrinsics": [[2985.29, 0.0, 512.0], [0.0, 2985.29, 512.0], [0.0, 0.0, 1.0]], "pose": [[0.7880779504776001, -0.10973870754241943, -0.6057149171829224, 1.6633514165878296], [-0.0899079293012619, -0.9939491748809814, 0.06309939920902252, -0.17047511041164398], [-0.608974277973175, 0.004731334745883942, -0.7931758761405945, 2.3626818656921387], [0.0, 0.0, 0.0, 1.0]]}, "frame125.png": {"intrinsics": [[2985.29, 0.0, 512.0], [0.0, 2985.29, 512.0], [0.0, 0.0, 1.0]], "pose": [[0.7936386466026306, -0.10881590843200684, -0.5985790491104126, 1.6528908014297485], [-0.09022247791290283, -0.9940465688705444, 0.061084724962711334, -0.16564388573169708], [-0.6016623973846436, 0.005526088178157806, -0.7987313866615295, 2.388490676879883], [0.0, 0.0, 0.0, 1.0]]}, "frame126.png": {"intrinsics": [[2985.29, 0.0, 512.0], [0.0, 2985.29, 512.0], [0.0, 0.0, 1.0]], "pose": [[0.8030121922492981, -0.10950752347707748, -0.5858151912689209, 1.5888173580169678], [-0.09141471982002258, -0.9939734935760498, 0.06049766764044762, -0.16087433695793152], [-0.5889097452163696, 0.004971757531166077, -0.808183491230011, 2.3741466999053955], [0.0, 0.0, 0.0, 1.0]]}, "frame127.png": {"intrinsics": [[2985.29, 0.0, 512.0], [0.0, 2985.29, 512.0], [0.0, 0.0, 1.0]], "pose": [[0.8071383833885193, -0.11114319413900375, -0.579805850982666, 1.5795637369155884], [-0.09114217758178711, -0.9938032627105713, 0.06362495571374893, -0.16976669430732727], [-0.5832843780517578, 0.0014906302094459534, -0.8122665882110596, 2.3895819187164307], [0.0, 0.0, 0.0, 1.0]]}, "frame128.png": {"intrinsics": [[2985.29, 0.0, 512.0], [0.0, 2985.29, 512.0], [0.0, 0.0, 1.0]], "pose": [[0.8185063004493713, -0.10934136062860489, -0.563996434211731, 1.5416299104690552], [-0.09285352379083633, -0.9939919710159302, 0.057949382811784744, -0.15467815101146698], [-0.5669441819190979, 0.004937119781970978, -0.8237413763999939, 2.428051233291626], [0.0, 0.0, 0.0, 1.0]]}, "frame129.png": {"intrinsics": [[2985.29, 0.0, 512.0], [0.0, 2985.29, 512.0], [0.0, 0.0, 1.0]], "pose": [[0.8179916143417358, -0.11232515424489975, -0.5641566514968872, 1.543267846107483], [-0.09455157816410065, -0.9936648011207581, 0.06074760481715202, -0.15942803025245667], [-0.5674060583114624, 0.003650866448879242, -0.8234300017356873, 2.4271621704101562], [0.0, 0.0, 0.0, 1.0]]}, "frame13.png": {"intrinsics": [[2985.29, 0.0, 512.0], [0.0, 2985.29, 512.0], [0.0, 0.0, 1.0]], "pose": [[0.4450964331626892, -0.10898829251527786, -0.8888254761695862, 2.3753914833068848], [-0.1312052607536316, -0.9897911548614502, 0.05566520243883133, -0.13552941381931305], [-0.8858184218406677, 0.09184219688177109, -0.4548523426055908, 1.3991597890853882], [0.0, 0.0, 0.0, 1.0]]}, "frame130.png": {"intrinsics": [[2985.29, 0.0, 512.0], [0.0, 2985.29, 512.0], [0.0, 0.0, 1.0]], "pose": [[0.8275964260101318, -0.10771237313747406, -0.550892174243927, 1.5033849477767944], [-0.09291574358940125, -0.9941649436950684, 0.05479682236909866, -0.14486710727214813], [-0.5535799264907837, 0.005836896598339081, -0.8327755928039551, 2.4526147842407227], [0.0, 0.0, 0.0, 1.0]]}, "frame131.png": {"intrinsics": [[2985.29, 0.0, 512.0], [0.0, 2985.29, 512.0], [0.0, 0.0, 1.0]], "pose": [[0.8320273756980896, -0.10843036323785782, -0.5440342426300049, 1.4859521389007568], [-0.09310753643512726, -0.9940948486328125, 0.055735550820827484, -0.14739049971103668], [-0.5468650460243225, 0.004280179738998413, -0.8372098207473755, 2.4661245346069336], [0.0, 0.0, 0.0, 1.0]]}, "frame132.png": {"intrinsics": [[2985.29, 0.0, 512.0], [0.0, 2985.29, 512.0], [0.0, 0.0, 1.0]], "pose": [[0.8364025354385376, -0.1102103590965271, -0.5369213223457336, 1.4669450521469116], [-0.09398278594017029, -0.9939057230949402, 0.05760854855179787, -0.15143190324306488], [-0.5399982333183289, 0.0022774338722229004, -0.841663122177124, 2.475726366043091], [0.0, 0.0, 0.0, 1.0]]}, "frame133.png": {"intrinsics": [[2985.29, 0.0, 512.0], [0.0, 2985.29, 512.0], [0.0, 0.0, 1.0]], "pose": [[0.8455600142478943, -0.10423344373703003, -0.5236063599586487, 1.4403691291809082], [-0.09168598055839539, -0.9945359826087952, 0.0499190017580986, -0.1310628056526184], [-0.5259485840797424, 0.0057978518307209015, -0.8504965901374817, 2.5193939208984375], [0.0, 0.0, 0.0, 1.0]]}, "frame134.png": {"intrinsics": [[2985.29, 0.0, 512.0], [0.0, 2985.29, 512.0], [0.0, 0.0, 1.0]], "pose": [[0.8525385856628418, -0.10616697371006012, -0.5117680430412292, 1.4038517475128174], [-0.09407132118940353, -0.994330883026123, 0.04956477880477905, -0.13128919899463654], [-0.5141289234161377, 0.005886811763048172, -0.8576927185058594, 2.53169584274292], [0.0, 0.0, 0.0, 1.0]]}, "frame135.png": {"intrinsics": [[2985.29, 0.0, 512.0], [0.0, 2985.29, 512.0], [0.0, 0.0, 1.0]], "pose": [[0.8582189679145813, -0.10714197158813477, -0.5019769072532654, 1.3767881393432617], [-0.09413681924343109, -0.9942383170127869, 0.05126659944653511, -0.13580448925495148], [-0.5045774579048157, 0.0032565444707870483, -0.8633602261543274, 2.5460503101348877], [0.0, 0.0, 0.0, 1.0]]}, "frame136.png": {"intrinsics": [[2985.29, 0.0, 512.0], [0.0, 2985.29, 512.0], [0.0, 0.0, 1.0]], "pose": [[0.8620758056640625, -0.10496740788221359, -0.49578940868377686, 1.348802924156189], [-0.09251542389392853, -0.99447101354599, 0.049681853502988815, -0.12947651743888855], [-0.4982631802558899, 0.003038644790649414, -0.8670205473899841, 2.5385851860046387], [0.0, 0.0, 0.0, 1.0]]}, "frame137.png": {"intrinsics": [[2985.29, 0.0, 512.0], [0.0, 2985.29, 512.0], [0.0, 0.0, 1.0]], "pose": [[0.86883544921875, -0.1037815660238266, -0.48410162329673767, 1.3125895261764526], [-0.09194555878639221, -0.9945966005325317, 0.04820316284894943, -0.12658675014972687], [-0.486488401889801, 0.002630382776260376, -0.8736830353736877, 2.5478720664978027], [0.0, 0.0, 0.0, 1.0]]}, "frame138.png": {"intrinsics": [[2985.29, 0.0, 512.0], [0.0, 2985.29, 512.0], [0.0, 0.0, 1.0]], "pose": [[0.8729637861251831, -0.10252688080072403, -0.47688838839530945, 1.290388584136963], [-0.09377548843622208, -0.9946989417076111, 0.042191796004772186, -0.11169452220201492], [-0.4786861836910248, 0.007888533174991608, -0.8779506683349609, 2.5609018802642822], [0.0, 0.0, 0.0, 1.0]]}, "frame139.png": {"intrinsics": [[2985.29, 0.0, 512.0], [0.0, 2985.29, 512.0], [0.0, 0.0, 1.0]], "pose": [[0.8766214847564697, -0.10290192067623138, -0.4700488746166229, 1.2742903232574463], [-0.09381837397813797, -0.9946696162223816, 0.04278324544429779, -0.11066711694002151], [-0.4719458222389221, 0.00659450888633728, -0.8816028237342834, 2.574110746383667], [0.0, 0.0, 0.0, 1.0]]}, "frame14.png": {"intrinsics": [[2985.29, 0.0, 512.0], [0.0, 2985.29, 512.0], [0.0, 0.0, 1.0]], "pose": [[0.4374311566352844, -0.11944275349378586, -0.891284167766571, 2.383817195892334], [-0.1276351809501648, -0.9893519282341003, 0.06994324922561646, -0.17444393038749695], [-0.8901479244232178, 0.08316385746002197, -0.4480184316635132, 1.3812670707702637], [0.0, 0.0, 0.0, 1.0]]}, "frame140.png": {"intrinsics": [[2985.29, 0.0, 512.0], [0.0, 2985.29, 512.0], [0.0, 0.0, 1.0]], "pose": [[0.8865633606910706, -0.10232436656951904, -0.45114874839782715, 1.2215603590011597], [-0.09422387182712555, -0.9947289228439331, 0.04045134037733078, -0.10733535885810852], [-0.45290982723236084, 0.006646309047937393, -0.8915315866470337, 2.593353509902954], [0.0, 0.0, 0.0, 1.0]]}, "frame141.png": {"intrinsics": [[2985.29, 0.0, 512.0], [0.0, 2985.29, 512.0], [0.0, 0.0, 1.0]], "pose": [[0.8904900550842285, -0.10013680160045624, -0.4438469707965851, 1.208791971206665], [-0.09254959225654602, -0.9949522018432617, 0.0387900285422802, -0.10468003898859024], [-0.44549083709716797, 0.006535723805427551, -0.8952626585960388, 2.6138930320739746], [0.0, 0.0, 0.0, 1.0]]}, "frame142.png": {"intrinsics": [[2985.29, 0.0, 512.0], [0.0, 2985.29, 512.0], [0.0, 0.0, 1.0]], "pose": [[0.8971937298774719, -0.10031574219465256, -0.43009307980537415, 1.169445276260376], [-0.0941290408372879, -0.9949196577072144, 0.03569953143596649, -0.09344269335269928], [-0.4314892888069153, 0.00845484808087349, -0.90207839012146, 2.6315484046936035], [0.0, 0.0, 0.0, 1.0]]}, "frame143.png": {"intrinsics": [[2985.29, 0.0, 512.0], [0.0, 2985.29, 512.0], [0.0, 0.0, 1.0]], "pose": [[0.9039183259010315, -0.10040625929832458, -0.4157526195049286, 1.1411497592926025], [-0.09525914490222931, -0.9948999285697937, 0.03316321223974228, -0.08667878061532974], [-0.4169620871543884, 0.00962740182876587, -0.9088729023933411, 2.674633264541626], [0.0, 0.0, 0.0, 1.0]]}, "frame144.png": {"intrinsics": [[2985.29, 0.0, 512.0], [0.0, 2985.29, 512.0], [0.0, 0.0, 1.0]], "pose": [[0.9101556539535522, -0.10089077800512314, -0.4017930328845978, 1.0870511531829834], [-0.09326360374689102, -0.9948946833610535, 0.03855540230870247, -0.10080702602863312], [-0.40363162755966187, 0.0023812465369701385, -0.9149184823036194, 2.654123306274414], [0.0, 0.0, 0.0, 1.0]]}, "frame145.png": {"intrinsics": [[2985.29, 0.0, 512.0], [0.0, 2985.29, 512.0], [0.0, 0.0, 1.0]], "pose": [[0.9210448861122131, -0.10292461514472961, -0.37560999393463135, 1.0021727085113525], [-0.09179774671792984, -0.9946463704109192, 0.04745280742645264, -0.1239570677280426], [-0.37848320603370667, -0.009226012974977493, -0.9255622029304504, 2.6400978565216064], [0.0, 0.0, 0.0, 1.0]]}, "frame146.png": {"intrinsics": [[2985.29, 0.0, 512.0], [0.0, 2985.29, 512.0], [0.0, 0.0, 1.0]], "pose": [[0.9317507147789001, -0.10048361867666245, -0.34891778230667114, 0.9300640225410461], [-0.0920899286866188, -0.994922399520874, 0.040607113391160965, -0.10606154054403305], [-0.35122647881507874, -0.0057038962841033936, -0.9362731575965881, 2.670099973678589], [0.0, 0.0, 0.0, 1.0]]}, "frame147.png": {"intrinsics": [[2985.29, 0.0, 512.0], [0.0, 2985.29, 512.0], [0.0, 0.0, 1.0]], "pose": [[0.9416108727455139, -0.09832099080085754, -0.3220278322696686, 0.8527947068214417], [-0.09090705215930939, -0.9951333403587341, 0.03801979497075081, -0.099568672478199], [-0.32419878244400024, -0.006525255739688873, -0.9459664821624756, 2.6834681034088135], [0.0, 0.0, 0.0, 1.0]]}, "frame148.png": {"intrinsics": [[2985.29, 0.0, 512.0], [0.0, 2985.29, 512.0], [0.0, 0.0, 1.0]], "pose": [[0.9512993693351746, -0.09824811667203903, -0.2921932339668274, 0.7813951373100281], [-0.09446385502815247, -0.9951602816581726, 0.027068432420492172, -0.06969127804040909], [-0.29343849420547485, 0.0018515195697546005, -0.9559761881828308, 2.730116128921509], [0.0, 0.0, 0.0, 1.0]]}, "frame149.png": {"intrinsics": [[2985.29, 0.0, 512.0], [0.0, 2985.29, 512.0], [0.0, 0.0, 1.0]], "pose": [[0.958779513835907, -0.09845422953367233, -0.26654955744743347, 0.689294159412384], [-0.09530987590551376, -0.9951401948928833, 0.024740638211369514, -0.0610421858727932], [-0.2676900029182434, 0.0016839858144521713, -0.9635036587715149, 2.6803460121154785], [0.0, 0.0, 0.0, 1.0]]}, "frame15.png": {"intrinsics": [[2985.29, 0.0, 512.0], [0.0, 2985.29, 512.0], [0.0, 0.0, 1.0]], "pose": [[0.4533909261226654, -0.10133291035890579, -0.885532796382904, 2.3848345279693604], [-0.1311832070350647, -0.9902831315994263, 0.04615412652492523, -0.11147435754537582], [-0.8816050887107849, 0.09524119645357132, -0.4622785747051239, 1.4277327060699463], [0.0, 0.0, 0.0, 1.0]]}, "frame150.png": {"intrinsics": [[2985.29, 0.0, 512.0], [0.0, 2985.29, 512.0], [0.0, 0.0, 1.0]], "pose": [[0.9656029343605042, -0.09719295799732208, -0.24117308855056763, 0.6270416975021362], [-0.09463968127965927, -0.9952645301818848, 0.022176388651132584, -0.05639636144042015], [-0.24218639731407166, 0.0014109574258327484, -0.9702286720275879, 2.7126259803771973], [0.0, 0.0, 0.0, 1.0]]}, "frame151.png": {"intrinsics": [[2985.29, 0.0, 512.0], [0.0, 2985.29, 512.0], [0.0, 0.0, 1.0]], "pose": [[0.9712481498718262, -0.09708154201507568, -0.2173754870891571, 0.5757724046707153], [-0.09530003368854523, -0.9952730536460876, 0.01868959330022335, -0.047302763909101486], [-0.2181623876094818, 0.0025636572390794754, -0.9759091138839722, 2.76047420501709], [0.0, 0.0, 0.0, 1.0]]}, "frame152.png": {"intrinsics": [[2985.29, 0.0, 512.0], [0.0, 2985.29, 512.0], [0.0, 0.0, 1.0]], "pose": [[0.9754496216773987, -0.0988461822271347, -0.19679322838783264, 0.5210398435592651], [-0.09759346395730972, -0.9950964450836182, 0.016077669337391853, -0.03980246186256409], [-0.1974174678325653, 0.0035227779299020767, -0.9803131818771362, 2.7672019004821777], [0.0, 0.0, 0.0, 1.0]]}, "frame153.png": {"intrinsics": [[2985.29, 0.0, 512.0], [0.0, 2985.29, 512.0], [0.0, 0.0, 1.0]], "pose": [[0.9793096780776978, -0.09825386106967926, -0.17691457271575928, 0.4711490273475647], [-0.0969962552189827, -0.995159924030304, 0.015764253214001656, -0.039380546659231186], [-0.1776071935892105, 0.0017219670116901398, -0.9840999841690063, 2.7892980575561523], [0.0, 0.0, 0.0, 1.0]]}, "frame154.png": {"intrinsics": [[2985.29, 0.0, 512.0], [0.0, 2985.29, 512.0], [0.0, 0.0, 1.0]], "pose": [[0.9822583198547363, -0.09936614334583282, -0.15904377400875092, 0.42677754163742065], [-0.09738879650831223, -0.9950413703918457, 0.0201986413449049, -0.05238136276602745], [-0.16026219725608826, -0.0043512023985385895, -0.9870648980140686, 2.807034492492676], [0.0, 0.0, 0.0, 1.0]]}, "frame155.png": {"intrinsics": [[2985.29, 0.0, 512.0], [0.0, 2985.29, 512.0], [0.0, 0.0, 1.0]], "pose": [[0.9844009280204773, -0.0982850193977356, -0.14592769742012024, 0.39458179473876953], [-0.09644662588834763, -0.9951443672180176, 0.019637415185570717, -0.050996024161577225], [-0.1471492052078247, -0.0052568549290299416, -0.9891002774238586, 2.842777729034424], [0.0, 0.0, 0.0, 1.0]]}, "frame156.png": {"intrinsics": [[2985.29, 0.0, 512.0], [0.0, 2985.29, 512.0], [0.0, 0.0, 1.0]], "pose": [[0.9852826595306396, -0.0986863300204277, -0.1395673155784607, 0.364574670791626], [-0.0965905711054802, -0.9950870275497437, 0.02172766625881195, -0.0529198981821537], [-0.1410258412361145, -0.007927007973194122, -0.9899742007255554, 2.770334482192993], [0.0, 0.0, 0.0, 1.0]]}, "frame157.png": {"intrinsics": [[2985.29, 0.0, 512.0], [0.0, 2985.29, 512.0], [0.0, 0.0, 1.0]], "pose": [[0.9873225688934326, -0.09819178283214569, -0.12470953911542892, 0.326162189245224], [-0.09675032645463943, -0.9951534271240234, 0.01757769100368023, -0.043853648006916046], [-0.12583111226558685, -0.005289161577820778, -0.9920375943183899, 2.7815446853637695], [0.0, 0.0, 0.0, 1.0]]}, "frame158.png": {"intrinsics": [[2985.29, 0.0, 512.0], [0.0, 2985.29, 512.0], [0.0, 0.0, 1.0]], "pose": [[0.9890364408493042, -0.09714177250862122, -0.11122208833694458, 0.29394158720970154], [-0.09562062472105026, -0.9952376484870911, 0.018942805007100105, -0.048424944281578064], [-0.11253254860639572, -0.008099999278783798, -0.9936150312423706, 2.810683250427246], [0.0, 0.0, 0.0, 1.0]]}, "frame159.png": {"intrinsics": [[2985.29, 0.0, 512.0], [0.0, 2985.29, 512.0], [0.0, 0.0, 1.0]], "pose": [[0.9904835224151611, -0.09939626604318619, -0.0951986089348793, 0.24855713546276093], [-0.0986216813325882, -0.9950424432754517, 0.012819045223295689, -0.03371760621666908], [-0.09600082039833069, -0.003308406099677086, -0.9953757524490356, 2.8015856742858887], [0.0, 0.0, 0.0, 1.0]]}, "frame16.png": {"intrinsics": [[2985.29, 0.0, 512.0], [0.0, 2985.29, 512.0], [0.0, 0.0, 1.0]], "pose": [[0.4542559087276459, -0.09447497874498367, -0.8858476281166077, 2.358560800552368], [-0.13263550400733948, -0.9904507994651794, 0.03761635720729828, -0.0870831161737442], [-0.8809422850608826, 0.10040739178657532, -0.4624488651752472, 1.4154715538024902], [0.0, 0.0, 0.0, 1.0]]}, "frame160.png": {"intrinsics": [[2985.29, 0.0, 512.0], [0.0, 2985.29, 512.0], [0.0, 0.0, 1.0]], "pose": [[0.991955578327179, -0.10072975605726242, -0.0766657292842865, 0.20120519399642944], [-0.10013575106859207, -0.9949066042900085, 0.011562937870621681, -0.026805168017745018], [-0.07743997126817703, -0.0037929401732981205, -0.9969897866249084, 2.810582399368286], [0.0, 0.0, 0.0, 1.0]]}, "frame161.png": {"intrinsics": [[2985.29, 0.0, 512.0], [0.0, 2985.29, 512.0], [0.0, 0.0, 1.0]], "pose": [[0.9926514625549316, -0.10202697664499283, -0.06506556272506714, 0.16801171004772186], [-0.10167629271745682, -0.9947795867919922, 0.00868714228272438, -0.01922670379281044], [-0.06561221927404404, -0.0020076800137758255, -0.9978431463241577, 2.8115949630737305], [0.0, 0.0, 0.0, 1.0]]}, "frame162.png": {"intrinsics": [[2985.29, 0.0, 512.0], [0.0, 2985.29, 512.0], [0.0, 0.0, 1.0]], "pose": [[0.9935774803161621, -0.10372696071863174, -0.045217178761959076, 0.11838924884796143], [-0.10364025086164474, -0.9946057200431824, 0.004264096729457378, -0.010183797217905521], [-0.045415569096803665, 0.00044960901141166687, -0.9989680647850037, 2.8398239612579346], [0.0, 0.0, 0.0, 1.0]]}, "frame163.png": {"intrinsics": [[2985.29, 0.0, 512.0], [0.0, 2985.29, 512.0], [0.0, 0.0, 1.0]], "pose": [[0.9942771792411804, -0.1028486043214798, -0.028897330164909363, 0.07420524954795837], [-0.10277944803237915, -0.9946966171264648, 0.0038722422905266285, -0.007309192791581154], [-0.029142331331968307, -0.0008800302166491747, -0.9995748996734619, 2.826568841934204], [0.0, 0.0, 0.0, 1.0]]}, "frame164.png": {"intrinsics": [[2985.29, 0.0, 512.0], [0.0, 2985.29, 512.0], [0.0, 0.0, 1.0]], "pose": [[0.9946384429931641, -0.10274631530046463, -0.011726467870175838, 0.02709178999066353], [-0.10272864252328873, -0.9947071671485901, 0.002101834863424301, -0.0010342844761908054], [-0.011880357749760151, -0.0008859217632561922, -0.9999290108680725, 2.8341240882873535], [0.0, 0.0, 0.0, 1.0]]}, "frame165.png": {"intrinsics": [[2985.29, 0.0, 512.0], [0.0, 2985.29, 512.0], [0.0, 0.0, 1.0]], "pose": [[0.9945709705352783, -0.10405713319778442, 0.0008718181634321809, -0.008082584477961063], [-0.104056715965271, -0.9945712685585022, -0.0005070956540293992, 0.006695990450680256], [0.0009198521729558706, 0.0004136240459047258, -0.9999995231628418, 2.8135244846343994], [0.0, 0.0, 0.0, 1.0]]}, "frame166.png": {"intrinsics": [[2985.29, 0.0, 512.0], [0.0, 2985.29, 512.0], [0.0, 0.0, 1.0]], "pose": [[0.9944502115249634, -0.10154689103364944, 0.027512889355421066, -0.0760856419801712], [-0.10140977799892426, -0.9948245286941528, -0.006337474100291729, 0.021931728348135948], [0.0280140470713377, 0.0035122265107929707, -0.9996013641357422, 2.84171986579895], [0.0, 0.0, 0.0, 1.0]]}, "frame167.png": {"intrinsics": [[2985.29, 0.0, 512.0], [0.0, 2985.29, 512.0], [0.0, 0.0, 1.0]], "pose": [[0.9939097762107849, -0.10179999470710754, 0.042192231863737106, -0.11534875631332397], [-0.1018039807677269, -0.9948023557662964, -0.0020598520059138536, 0.008392219431698322], [0.04218262434005737, -0.002248029690235853, -0.9991073608398438, 2.7956228256225586], [0.0, 0.0, 0.0, 1.0]]}, "frame168.png": {"intrinsics": [[2985.29, 0.0, 512.0], [0.0, 2985.29, 512.0], [0.0, 0.0, 1.0]], "pose": [[0.9931536316871643, -0.0995253324508667, 0.061160288751125336, -0.1670391708612442], [-0.09952322393655777, -0.9950304627418518, -0.0030884225852787495, 0.009342243894934654], [0.06116372346878052, -0.0030195913277566433, -0.9981231689453125, 2.8220081329345703], [0.0, 0.0, 0.0, 1.0]]}, "frame169.png": {"intrinsics": [[2985.29, 0.0, 512.0], [0.0, 2985.29, 512.0], [0.0, 0.0, 1.0]], "pose": [[0.9924010634422302, -0.09791842848062515, 0.07451212406158447, -0.20473550260066986], [-0.09786560386419296, -0.9951900839805603, -0.004368659108877182, 0.013865062966942787], [0.07458148896694183, -0.00295671122148633, -0.9972105026245117, 2.815366744995117], [0.0, 0.0, 0.0, 1.0]]}, "frame17.png": {"intrinsics": [[2985.29, 0.0, 512.0], [0.0, 2985.29, 512.0], [0.0, 0.0, 1.0]], "pose": [[0.44455066323280334, -0.10895223915576935, -0.8891029953956604, 2.369727849960327], [-0.13082841038703918, -0.989828884601593, 0.05588128790259361, -0.1385761797428131], [-0.8861481547355652, 0.09147786349058151, -0.45428311824798584, 1.395519495010376], [0.0, 0.0, 0.0, 1.0]]}, "frame170.png": {"intrinsics": [[2985.29, 0.0, 512.0], [0.0, 2985.29, 512.0], [0.0, 0.0, 1.0]], "pose": [[0.9907343983650208, -0.0999390035867691, 0.09196510910987854, -0.24703249335289001], [-0.09987422078847885, -0.9949858784675598, -0.005318014416843653, 0.01785179227590561], [0.09203546494245529, -0.0039162044413387775, -0.9957480430603027, 2.791313648223877], [0.0, 0.0, 0.0, 1.0]]}, "frame171.png": {"intrinsics": [[2985.29, 0.0, 512.0], [0.0, 2985.29, 512.0], [0.0, 0.0, 1.0]], "pose": [[0.9888527393341064, -0.09958212077617645, 0.1106959655880928, -0.2946343421936035], [-0.09924767911434174, -0.9950260519981384, -0.008541131392121315, 0.025883754715323448], [0.11099591851234436, -0.0025403955951333046, -0.9938175678253174, 2.7848291397094727], [0.0, 0.0, 0.0, 1.0]]}, "frame172.png": {"intrinsics": [[2985.29, 0.0, 512.0], [0.0, 2985.29, 512.0], [0.0, 0.0, 1.0]], "pose": [[0.9870391488075256, -0.09929516911506653, 0.12607185542583466, -0.333639532327652], [-0.09896698594093323, -0.9950510859489441, -0.008879696018993855, 0.024466682225465775], [0.12632964551448822, -0.0037123430520296097, -0.9919813275337219, 2.7745108604431152], [0.0, 0.0, 0.0, 1.0]]}, "frame173.png": {"intrinsics": [[2985.29, 0.0, 512.0], [0.0, 2985.29, 512.0], [0.0, 0.0, 1.0]], "pose": [[0.9860422611236572, -0.09530899673700333, 0.13651718199253082, -0.3653358519077301], [-0.0951041579246521, -0.9954349398612976, -0.008036980405449867, 0.027158057317137718], [0.13665996491909027, -0.005058549344539642, -0.9906051158905029, 2.8059463500976562], [0.0, 0.0, 0.0, 1.0]]}, "frame174.png": {"intrinsics": [[2985.29, 0.0, 512.0], [0.0, 2985.29, 512.0], [0.0, 0.0, 1.0]], "pose": [[0.9842497706413269, -0.09402814507484436, 0.1497032642364502, -0.40326887369155884], [-0.09387931227684021, -0.995550811290741, -0.008076667785644531, 0.02753630466759205], [0.14979663491249084, -0.00610458105802536, -0.9886979460716248, 2.8123972415924072], [0.0, 0.0, 0.0, 1.0]]}, "frame175.png": {"intrinsics": [[2985.29, 0.0, 512.0], [0.0, 2985.29, 512.0], [0.0, 0.0, 1.0]], "pose": [[0.9825326204299927, -0.08998918533325195, 0.16288508474826813, -0.44061166048049927], [-0.08910856395959854, -0.9959406852722168, -0.012719506397843361, 0.039508406072854996], [0.16336850821971893, -0.0020171264186501503, -0.9865630865097046, 2.8188974857330322], [0.0, 0.0, 0.0, 1.0]]}, "frame176.png": {"intrinsics": [[2985.29, 0.0, 512.0], [0.0, 2985.29, 512.0], [0.0, 0.0, 1.0]], "pose": [[0.9800193905830383, -0.08705796301364899, 0.17883768677711487, -0.48316654562950134], [-0.08611393719911575, -0.9961997866630554, -0.013049828819930553, 0.040540967136621475], [0.179294154047966, -0.0026113325729966164, -0.9837920665740967, 2.8080127239227295], [0.0, 0.0, 0.0, 1.0]]}, "frame177.png": {"intrinsics": [[2985.29, 0.0, 512.0], [0.0, 2985.29, 512.0], [0.0, 0.0, 1.0]], "pose": [[0.9766024351119995, -0.08581316471099854, 0.19718943536281586, -0.5335962176322937], [-0.08448784053325653, -0.9963094592094421, -0.015139948576688766, 0.04544452950358391], [0.1977609097957611, -0.0018743984401226044, -0.9802484512329102, 2.8011362552642822], [0.0, 0.0, 0.0, 1.0]]}, "frame178.png": {"intrinsics": [[2985.29, 0.0, 512.0], [0.0, 2985.29, 512.0], [0.0, 0.0, 1.0]], "pose": [[0.9734061360359192, -0.08690831810235977, 0.21196091175079346, -0.5672167539596558], [-0.08306820690631866, -0.9961787462234497, -0.026972509920597076, 0.07664100080728531], [0.21349509060382843, 0.008647993206977844, -0.976905882358551, 2.763054847717285], [0.0, 0.0, 0.0, 1.0]]}, "frame179.png": {"intrinsics": [[2985.29, 0.0, 512.0], [0.0, 2985.29, 512.0], [0.0, 0.0, 1.0]], "pose": [[0.9700199365615845, -0.08514445275068283, 0.22762195765972137, -0.6044679880142212], [-0.0808584913611412, -0.9963292479515076, -0.028106052428483963, 0.07763063162565231], [0.2291794866323471, 0.00885826162993908, -0.9733438491821289, 2.7308883666992188], [0.0, 0.0, 0.0, 1.0]]}, "frame18.png": {"intrinsics": [[2985.29, 0.0, 512.0], [0.0, 2985.29, 512.0], [0.0, 0.0, 1.0]], "pose": [[0.44295161962509155, -0.10949158668518066, -0.8898345232009888, 2.366673469543457], [-0.12887465953826904, -0.9899830222129822, 0.05766192451119423, -0.14299239218235016], [-0.8872345685958862, 0.08913568407297134, -0.45262524485588074, 1.3885600566864014], [0.0, 0.0, 0.0, 1.0]]}, "frame180.png": {"intrinsics": [[2985.29, 0.0, 512.0], [0.0, 2985.29, 512.0], [0.0, 0.0, 1.0]], "pose": [[0.9660254716873169, -0.08541445434093475, 0.24392428994178772, -0.6496008038520813], [-0.07908259332180023, -0.9962302446365356, -0.035653091967105865, 0.09778967499732971], [0.24605005979537964, 0.015151631087064743, -0.9691386818885803, 2.725818395614624], [0.0, 0.0, 0.0, 1.0]]}, "frame181.png": {"intrinsics": [[2985.29, 0.0, 512.0], [0.0, 2985.29, 512.0], [0.0, 0.0, 1.0]], "pose": [[0.9612288475036621, -0.08454729616641998, 0.2624705135822296, -0.7005655765533447], [-0.0766095370054245, -0.9962443709373474, -0.04034918174147606, 0.11206584423780441], [0.2648961842060089, 0.01867705211043358, -0.9640960097312927, 2.7244038581848145], [0.0, 0.0, 0.0, 1.0]]}, "frame182.png": {"intrinsics": [[2985.29, 0.0, 512.0], [0.0, 2985.29, 512.0], [0.0, 0.0, 1.0]], "pose": [[0.9544242024421692, -0.08361733704805374, 0.2865007519721985, -0.7681879997253418], [-0.076886847615242, -0.996436357498169, -0.03468293696641922, 0.09773757308721542], [0.28837987780570984, 0.011074090376496315, -0.9574520587921143, 2.7160274982452393], [0.0, 0.0, 0.0, 1.0]]}, "frame183.png": {"intrinsics": [[2985.29, 0.0, 512.0], [0.0, 2985.29, 512.0], [0.0, 0.0, 1.0]], "pose": [[0.9469942450523376, -0.08608286082744598, 0.3095022737979889, -0.8137993216514587], [-0.0783534049987793, -0.9962259531021118, -0.03734307363629341, 0.09757372736930847], [0.31154879927635193, 0.011113118380308151, -0.9501651525497437, 2.6520116329193115], [0.0, 0.0, 0.0, 1.0]]}, "frame184.png": {"intrinsics": [[2985.29, 0.0, 512.0], [0.0, 2985.29, 512.0], [0.0, 0.0, 1.0]], "pose": [[0.9374479055404663, -0.08203262835741043, 0.3383224904537201, -0.8985990881919861], [-0.07280666381120682, -0.9965478777885437, -0.03989383950829506, 0.10873280465602875], [0.3404271602630615, 0.012766258791089058, -0.9401842355728149, 2.656827688217163], [0.0, 0.0, 0.0, 1.0]]}, "frame185.png": {"intrinsics": [[2985.29, 0.0, 512.0], [0.0, 2985.29, 512.0], [0.0, 0.0, 1.0]], "pose": [[0.9273994565010071, -0.08315390348434448, 0.3647131621837616, -0.9695325493812561], [-0.07509801536798477, -0.9965172410011292, -0.03624339774250984, 0.09904687851667404], [0.3664567172527313, 0.00622287392616272, -0.9304142594337463, 2.6371943950653076], [0.0, 0.0, 0.0, 1.0]]}, "frame186.png": {"intrinsics": [[2985.29, 0.0, 512.0], [0.0, 2985.29, 512.0], [0.0, 0.0, 1.0]], "pose": [[0.9183689951896667, -0.08225929737091064, 0.387081116437912, -1.0358922481536865], [-0.07389777153730392, -0.9965989589691162, -0.036462921649217606, 0.10086571425199509], [0.38876405358314514, 0.0048819854855537415, -0.9213243722915649, 2.6293370723724365], [0.0, 0.0, 0.0, 1.0]]}, "frame187.png": {"intrinsics": [[2985.29, 0.0, 512.0], [0.0, 2985.29, 512.0], [0.0, 0.0, 1.0]], "pose": [[0.9059197902679443, -0.08353167772293091, 0.4151286780834198, -1.116507649421692], [-0.0734061449766159, -0.9964867234230042, -0.04032034054398537, 0.1107068657875061], [0.417038232088089, 0.006053995341062546, -0.9088688492774963, 2.6105291843414307], [0.0, 0.0, 0.0, 1.0]]}, "frame188.png": {"intrinsics": [[2985.29, 0.0, 512.0], [0.0, 2985.29, 512.0], [0.0, 0.0, 1.0]], "pose": [[0.8933912515640259, -0.082297682762146, 0.44167762994766235, -1.1959089040756226], [-0.0707242339849472, -0.9965842366218567, -0.04263778403401375, 0.12015087157487869], [0.44367796182632446, 0.0068549104034900665, -0.8961600661277771, 2.5965473651885986], [0.0, 0.0, 0.0, 1.0]]}, "frame189.png": {"intrinsics": [[2985.29, 0.0, 512.0], [0.0, 2985.29, 512.0], [0.0, 0.0, 1.0]], "pose": [[0.8785080909729004, -0.07972920686006546, 0.4710274338722229, -1.2777454853057861], [-0.06606143712997437, -0.9967770576477051, -0.04551060497760773, 0.130711168050766], [0.47313788533210754, 0.008864682167768478, -0.880943775177002, 2.5588998794555664], [0.0, 0.0, 0.0, 1.0]]}, "frame19.png": {"intrinsics": [[2985.29, 0.0, 512.0], [0.0, 2985.29, 512.0], [0.0, 0.0, 1.0]], "pose": [[0.4405442178249359, -0.11388581246137619, -0.8904778361320496, 2.3769619464874268], [-0.12843146920204163, -0.9897127747535706, 0.06303863227367401, -0.15875600278377533], [-0.8884965181350708, 0.08659406006336212, -0.4506387710571289, 1.3874157667160034], [0.0, 0.0, 0.0, 1.0]]}, "frame190.png": {"intrinsics": [[2985.29, 0.0, 512.0], [0.0, 2985.29, 512.0], [0.0, 0.0, 1.0]], "pose": [[0.8620126843452454, -0.07536089420318604, 0.5012533068656921, -1.3455806970596313], [-0.062426093965768814, -0.9971417188644409, -0.04256013035774231, 0.12127619236707687], [0.5030279159545898, 0.0053960829973220825, -0.8642532825469971, 2.49245023727417], [0.0, 0.0, 0.0, 1.0]]}, "frame191.png": {"intrinsics": [[2985.29, 0.0, 512.